0.590880172
0.548956402
0.560646941
0.561863712
0.565737232
0.571493189
0.562160954
0.560323369
0.541295297
0.587736912
0.58377248
0.489080502
0.503998467
0.517240151
0.523196205
0.523644869
0.526828074
0.521666016
0.516858544
0.503041426
0.485425219
0.592307361
0.549481926
0.503405073
0.533813863
0.545174174
0.551461242
0.551877181
0.551576595
0.549060285
0.543448756
0.533824995
0.505785901
0.548140829
0.565541009
0.519900266
0.545704734
0.552462292
0.558904749
0.566190554
0.564665711
0.559108402
0.553045044
0.543667038
0.517838955
0.563648288
0.569345844
0.525148791
0.5490324
0.559707503
0.566246694
0.567300414
0.569083149
0.569058572
0.566146421
0.550472289
0.526789015
0.572603374
0.569284685
0.525537691
0.552647352
0.560747232
0.570438726
0.574996864
0.575003326
0.571616558
0.564592576
0.555723956
0.532362347
0.58052405
0.573837982
0.52607856
0.555882294
0.561445062
0.570919564
0.577805205
0.575172009
0.572754118
0.568458196
0.55799089
0.53174968
0.573939002
0.567938616
0.525965539
0.553523884
0.56117508
0.568126924
0.57518485
0.57406567
0.571905125
0.567444579
0.555589065
0.532116578
0.578769569
0.567539879
0.519427638
0.54626404
0.555412637
0.563233365
0.566700241
0.570075964
0.564730425
0.56120084
0.551661748
0.527252404
0.574159991
0.55142193
0.505407742
0.537379858
0.547994064
0.55283371
0.55676086
0.557048241
0.559914774
0.551284722
0.541760953
0.512616844
0.560311005
0.595089588
0.486925472
0.506372211
0.523329099
0.529442115
0.530006682
0.533323472
0.528455496
0.527649256
0.516577877
0.501204112
0.613370203
0.593444062
0.55004203
0.568432981
0.574665437
0.575910889
0.578226782
0.575422954
0.57206703
0.563193499
0.600701884
